jetset/test_data/SEDs_data/SED_3C345.ecsv
# %ECSV 0.9
# ---
# datatype:
# - {name: x, unit: Hz, datatype: float64}
# - {name: y, unit: erg/s , datatype: float64}
# - {name: dx, unit: Hz , datatype: float64}
# - {name: dy, unit: erg/s ,datatype: float64}
# - {name: data_set, datatype: string}
# meta: !!omap
# - {z: 0.593 }
# - {restframe: src}
# - {data_scale: log-log}
# - {obj_name: '1642p3948,3C345'}
# schema: astropy-2.0
x y dx dy data_set

14.5876697758 46.0448601659 0 0.0125820003 -1
14.4587047758 46.1042951659 0 0.0113479998 -1
14.3450837758 46.1670721659 0 0.0105280001 -1
15.1291087758 45.8973381659 0 0.00262499996 -1
15.0008187758 45.8935091659 0 0.00166800001 -1
14.8848487758 45.8170381659 0 0.00174600002 -1
14.7973827758 45.8076081659 0 0.00171700004 -1
14.7188657758 45.7855411659 0 0.00264400011 -1
9.8910804758 44.7043941659 0 0.0 -1
9.8635545758 44.7117241659 0 0.0 -1
9.6335798758 44.6082191659 0 0.0 -1
9.6335798758 44.3247681659 0 0.0 -1
9.6327749758 44.5731391659 0 0.0 -1
9.6327749758 44.4903301659 0 0.0 -1
10.5446387758 45.3768891659 0 0.0 -1
9.6327749758 44.4224731659 0 0.0 -1
9.6327749758 44.5142431659 0 0.0 -1
11.1545237758 45.6937761659 0 0.0 -1
10.6991457758 45.5599671659 0 0.0 -1
10.6991457758 45.5160731659 0 0.0 -1
10.5482747758 45.4606721659 0 0.0 -1
10.5446387758 45.4749561659 0 0.0 -1
10.3754017758 45.2640491659 0 0.0 -1
10.1098953758 44.9934271659 0 0.0 -1
10.0984664758 45.1304721659 0 0.0 -1
9.8924117758 44.8834271659 0 0.0 -1
10.0984664758 45.0333791659 0 0.0 -1
10.1098953758 45.0919811659 0 0.0 -1
10.2234047758 45.1064221659 0 0.0 -1
10.2234047758 45.2597761659 0 0.0 -1
10.2313967758 45.2339111659 0 0.0 -1
10.1098953758 44.9183431659 0 0.0 -1
10.2315997758 45.0858661659 0 0.0 -1
11.1564587758 45.9709801659 0 0.0 -1
11.1564587758 45.8649271659 0 0.0 -1
10.0217595758 45.0358541659 0 0.0 -1
10.0217595758 44.9478991659 0 0.0 -1
9.9011855758 44.5955681659 0 0.0 -1
11.1564587758 45.9025231659 0 0.0 -1
9.4249320758 44.2333801659 0 0.0 -1
7.6171885758 43.1058571659 0 0.0 -1
8.4526353758 43.5170351659 0 0.0 -1
8.4526353758 43.5146531659 0 0.0 -1
9.3736501758 44.1935681659 0 0.0 -1
8.7645088758 43.7168941659 0 0.0 -1
8.8128753758 43.7390151659 0 0.0 -1
8.7645088758 43.7502691659 0 0.0 -1
8.8128753758 43.7324341659 0 0.0 -1
9.0772767758 43.9587461659 0 0.0 -1
9.0772767758 43.9320931659 0 0.0 -1
9.3417793758 44.1611001659 0 0.0 -1
9.3483434758 44.1380421659 0 0.0 -1
9.3514343758 44.2160351659 0 0.0 -1
9.6327749758 44.3738671659 0 0.0 -1
9.4249320758 44.4074271659 0 0.0 -1
9.6327749758 44.4485011659 0 0.0 -1
10.3783067758 45.1982241659 0 0.0 -1
10.3801557758 45.2621401659 0 0.0 -1
7.7819996758 43.1194001659 0 0.0 -1
8.4550691758 43.4878051659 0 0.0 -1
9.3545041758 44.2201781659 0 0.0 -1
8.8128753758 43.7257531659 0 0.0 -1
9.0772767758 43.9337391659 0 0.0 -1
9.3483434758 44.1137441659 0 0.0 -1
9.6335798758 44.5150481659 0 0.0 -1
10.2315997758 45.2341121659 0 0.0 -1
9.9011855758 44.8958021659 0 0.0 -1
8.4526353758 43.4432491659 0 0.0 -1
9.9011855758 44.7988421659 0 0.0 -1
9.3483434758 44.1567451659 0 0.0130329998 -1
9.3483434758 44.1249851659 0 0.000109000001 -1
8.0714479758 43.3004781659 0 0.0 -1
10.1264949758 44.8830111659 0 0.0 -1
9.3483434758 44.2023901659 0 0.0 -1
9.9011855758 44.7885091659 0 0.0 -1
8.7865463758 43.7547991659 0 0.0 -1
10.5639437758 45.3340461659 0 0.00668200012 -1
10.7207297758 45.4560701659 0 0.00723899994 -1
10.8149997758 45.5125521659 0 0.00789699983 -1
10.9875457758 45.6349311659 0 0.0177359991 -1
11.1753437758 45.7235971659 0 3.30000003e-05 -1
13.7247947758 46.6908301659 0 0.0317419991 -1
13.4237627758 46.9283691659 0 0.00983600039 -1
17.3568707758 45.1816231659 0 0.0988610014 -1
17.5213097758 45.3604661659 0 0.0953899994 -1
17.6857477758 45.3368231659 0 0.0953499973 -1
17.8501857758 45.2525251659 0 0.098364003 -1
18.0146257758 45.4380671659 0 0.0983429998 -1
18.1790667758 45.5171341659 0 0.099673003 -1
18.3435067758 45.6292361659 0 0.102449 -1
17.5860317758 45.6157071659 0 0.076305002 -1
17.5860317758 45.3849431659 0 0.0383750014 -1
17.5860317758 45.3931101659 0 0.026509 -1
17.5860317758 45.4058371659 0 0.0364339985 -1
17.5860317758 45.5253381659 0 0.0206390005 -1
17.5860317758 45.3533801659 0 0.0345709994 -1
17.5860317758 45.4150791659 0 0.0111959996 -1
17.5860317758 45.4226381659 0 0.0178200006 -1
17.5860317758 45.1229131659 0 0.0160189997 -1
17.5860317758 45.1566611659 0 0.0127889998 -1
18.0631527758 45.6255541659 0 0.010024 -1
17.7757837758 45.7429111659 0 0.0781069994 -1
18.2759327758 46.0451511659 0 0.200912 -1
17.3866217758 45.5257811659 0 0.0879309997 -1
15.1346897758 45.4807961659 0 0.011399 0
15.3724777758 45.6806741659 0 0.0196289998 0
15.3293207758 45.6694141659 0 0.0228359997 0
15.3724777758 45.6607381659 0 0.0342999995 0
15.1346897758 45.5407011659 0 0.0216790009 0
15.2591207758 45.6032941659 0 0.0203310009 0
15.0429487758 45.6525841659 0 0.0251400005 0
15.2591207758 45.5993691659 0 0.0143560003 0
15.0429487758 45.5325011659 0 0.0178529993 0
15.3724777758 45.6127231659 0 0.0143799996 0
15.1346897758 45.4647561659 0 0.0144100003 0
15.3293207758 45.6293741659 0 0.01767 0
15.2591207758 45.5552551659 0 0.0169399995 0
14.9465087758 45.4168441659 0 0.0240320005 0
9.6238199758 44.4238691659 0 0.00399099989 0
9.8879581758 44.6891271659 0 0.00404299982 0
10.1239019758 44.9527231659 0 0.00642100023 0
10.2213317758 45.0583631659 0 0.00727399997 0
10.3665687758 45.2037721659 0 0.0186170004 0
10.7073657758 45.4547701659 0 0.0152129997 0
9.6238199758 44.4274071659 0 0.00408300012 0
9.8879581758 44.6982361659 0 0.00377699989 0
10.1239019758 44.9642411659 0 0.00568399997 0
10.2213317758 45.0836151659 0 0.0207659993 0
10.3665687758 45.1712671659 0 0.0159249995 0
11.1367137758 45.7960751659 0 0.0175119992 0
11.3555117758 45.8977111659 0 0.0441909991 0
17.2291247758 45.0927251659 0 0.0558679998 0
17.2291247758 45.0927251659 0 0.0558679998 0
17.2291247758 45.0927251659 0 0.0558679998 0
17.2291247758 45.0927251659 0 0.0558679998 0
17.2291247758 45.0927251659 0 0.0558679998 0
17.2291247758 45.0927251659 0 0.0558679998 0
17.2291247758 45.0927251659 0 0.0558679998 0
17.2291247758 45.0927251659 0 0.0558679998 0
17.2291247758 45.0927251659 0 0.0558679998 0
17.2291247758 45.0927251659 0 0.0558679998 0
17.2291247758 45.0927251659 0 0.0558679998 0
17.2291247758 45.0927251659 0 0.0558679998 0
17.4399777758 45.1718411659 0 0.0544530004 0
17.4399777758 45.1718411659 0 0.0544530004 0
17.4399777758 45.1718411659 0 0.0544530004 0
17.4399777758 45.1718411659 0 0.0544530004 0
17.4399777758 45.1718411659 0 0.0544530004 0
17.4399777758 45.1718411659 0 0.0544530004 0
17.4399777758 45.1718411659 0 0.0544530004 0
17.4399777758 45.1718411659 0 0.0544530004 0
17.4399777758 45.1718411659 0 0.0544530004 0
17.4399777758 45.1718411659 0 0.0544530004 0
17.4399777758 45.1718411659 0 0.0544530004 0
17.4399777758 45.1718411659 0 0.0544530004 0
17.5791077758 45.2570341659 0 0.0557850003 0
17.5791077758 45.2570341659 0 0.0557850003 0
17.5791077758 45.2570341659 0 0.0557850003 0
17.5791077758 45.2570341659 0 0.0557850003 0
17.5791077758 45.2570341659 0 0.0557850003 0
17.5791077758 45.2570341659 0 0.0557850003 0
17.5791077758 45.2570341659 0 0.0557850003 0
17.5791077758 45.2570341659 0 0.0557850003 0
17.5791077758 45.2570341659 0 0.0557850003 0
17.5791077758 45.2570341659 0 0.0557850003 0
17.5791077758 45.2570341659 0 0.0557850003 0
17.5791077758 45.2570341659 0 0.0557850003 0
17.6843157758 45.2818011659 0 0.0563360006 0
17.6843157758 45.2818011659 0 0.0563360006 0
17.6843157758 45.2818011659 0 0.0563360006 0
17.6843157758 45.2818011659 0 0.0563360006 0
17.6843157758 45.2818011659 0 0.0563360006 0
17.6843157758 45.2818011659 0 0.0563360006 0
17.6843157758 45.2818011659 0 0.0563360006 0
17.6843157758 45.2818011659 0 0.0563360006 0
17.6843157758 45.2818011659 0 0.0563360006 0
17.6843157758 45.2818011659 0 0.0563360006 0
17.6843157758 45.2818011659 0 0.0563360006 0
17.6843157758 45.2818011659 0 0.0563360006 0
17.7978597758 45.2471301659 0 0.0568160005 0
17.7978597758 45.2471301659 0 0.0568160005 0
17.7978597758 45.2471301659 0 0.0568160005 0
17.7978597758 45.2471301659 0 0.0568160005 0
17.7978597758 45.2471301659 0 0.0568160005 0
17.7978597758 45.2471301659 0 0.0568160005 0
17.7978597758 45.2471301659 0 0.0568160005 0
17.7978597758 45.2471301659 0 0.0568160005 0
17.7978597758 45.2471301659 0 0.0568160005 0
17.7978597758 45.2471301659 0 0.0568160005 0
17.7978597758 45.2471301659 0 0.0568160005 0
17.7978597758 45.2471301659 0 0.0568160005 0
17.9809997758 45.2690141659 0 0.0565069988 0
17.9809997758 45.2690141659 0 0.0565069988 0
17.9809997758 45.2690141659 0 0.0565069988 0
17.9809997758 45.2690141659 0 0.0565069988 0
17.9809997758 45.2690141659 0 0.0565069988 0
17.9809997758 45.2690141659 0 0.0565069988 0
17.9809997758 45.2690141659 0 0.0565069988 0
17.9809997758 45.2690141659 0 0.0565069988 0
17.9809997758 45.2690141659 0 0.0565069988 0
17.9809997758 45.2690141659 0 0.0565069988 0
17.9809997758 45.2690141659 0 0.0565069988 0
17.9809997758 45.2690141659 0 0.0565069988 0
18.1750627758 45.5432151659 0 0.0566419996 0
18.1750627758 45.5432151659 0 0.0566419996 0
18.1750627758 45.5432151659 0 0.0566419996 0
18.1750627758 45.5432151659 0 0.0566419996 0
18.1750627758 45.5432151659 0 0.0566419996 0
18.1750627758 45.5432151659 0 0.0566419996 0
18.1750627758 45.5432151659 0 0.0566419996 0
18.1750627758 45.5432151659 0 0.0566419996 0
18.1750627758 45.5432151659 0 0.0566419996 0
18.1750627758 45.5432151659 0 0.0566419996 0
18.1750627758 45.5432151659 0 0.0566419996 0
18.1750627758 45.5432151659 0 0.0566419996 0
18.3184687758 45.4594831659 0 0.100669 0
18.3184687758 45.4594831659 0 0.100669 0
18.3184687758 45.4594831659 0 0.100669 0
18.3184687758 45.4594831659 0 0.100669 0
18.3184687758 45.4594831659 0 0.100669 0
18.3184687758 45.4594831659 0 0.100669 0
18.3184687758 45.4594831659 0 0.100669 0
18.3184687758 45.4594831659 0 0.100669 0
18.3184687758 45.4594831659 0 0.100669 0
18.3184687758 45.4594831659 0 0.100669 0
18.3184687758 45.4594831659 0 0.100669 0
18.3184687758 45.4594831659 0 0.100669 0
23.4039407758 46.5959651659 0 0.11225 0
23.9039307758 46.6293891659 0 0.13986599 0
10.6793367758 45.4473631659 0 0.0156590007 0
10.8456687758 45.5565281659 0 0.0185509995 0
11.0473137758 45.7079171659 0 0.0163909998 0
11.2022157758 45.8127911659 0 0.00712299999 0
11.3575517758 45.8013051659 0 0.00594099984 0
11.5386757758 45.8406911659 0 0.010117 0
11.7499907758 45.8205931659 0 0.0239790007 0
11.9386127758 45.8563991659 0 0.0521330014 0
22.9039307758 46.8197871659 0 -1 0
12.1351967758 45.8679191659 0 -1 0
10.6793367758 45.5783971659 0 0.00329199992 1
10.8456687758 45.6598751659 0 0.00878299959 1
11.0473137758 45.8212211659 0 0.00880900025 1
11.2022157758 45.9095601659 0 0.00434699981 1
11.3575517758 45.9223231659 0 0.00517799985 1
11.5386757758 45.9636711659 0 0.0083870003 1
11.7499907758 46.0069471659 0 0.0169430003 1
11.9386127758 46.0731291659 0 0.0273349993 1
9.6238199758 44.4238691659 0 0.00399099989 1
9.8834567758 44.6985821659 0 0.00722899986 1
9.8834567758 44.6919051659 0 0.0128490003 1
9.8834567758 44.6955591659 0 0.00485299993 1
9.8834567758 44.6955591659 0 0.00303300004 1
9.8834567758 44.6801241659 0 0.00377100008 1
9.8834567758 44.6955591659 0 0.00788599998 1
9.8834567758 44.6857441659 0 0.00620499998 1
9.8834567758 44.6826311659 0 0.00499900011 1
9.8834567758 44.6807521659 0 0.0112990001 1
9.8879581758 44.6891301659 0 0.00404299982 1
10.1053052758 44.9240291659 0 0.00657200022 1
10.1053052758 44.9747171659 0 0.00691099977 1
10.1053052758 44.9352341659 0 0.00349300005 1
10.1239019758 44.9527201659 0 0.00525300018 1
10.2192487758 45.0562781659 0 0.00681600021 1
10.3635837758 45.2095141659 0 0.00617300021 1
10.3635837758 45.2128681659 0 0.0144819999 1
10.3635837758 45.2227761659 0 0.00489800004 1
10.3635837758 45.2194981659 0 0.0038389999 1
10.3635837758 45.2021771659 0 0.00342399999 1
10.3635837758 45.2021771659 0 0.00627799984 1
10.3635837758 45.2222501659 0 0.0043589999 1
10.3635837758 45.2178691659 0 0.00825699978 1
10.3665687758 45.2037881659 0 0.0186170004 1
10.3783067758 45.2240501659 0 0.0033509999 1
10.3783067758 45.2255071659 0 0.0034690001 1
10.3783067758 45.2191581659 0 0.00323599996 1
10.3783067758 45.2251711659 0 0.00358300004 1
10.3783067758 45.2174891659 0 0.00422299979 1
10.3783067758 45.2323901659 0 0.00317199994 1
10.7073657758 45.4547741659 0 0.0152120003 1
10.7704177758 45.4703321659 0 0.0164999999 1
10.7704177758 45.5806961659 0 0.0146239996 1
10.7704177758 45.6285201659 0 0.0163759999 1
10.7704177758 45.6323221659 0 0.0156909991 1
10.7704177758 45.5344651659 0 0.016268 1
10.7704177758 45.5980111659 0 0.0152240004 1
10.7704177758 45.6124021659 0 0.014161 1
10.7704177758 45.5523831659 0 0.0136569999 1
10.7704177758 45.5645631659 0 0.0177100003 1
10.8346727758 45.5125131659 0 0.0157060008 1
11.1367137758 45.7960731659 0 0.0175119992 1
11.3545037758 45.8967011659 0 0.0441909991 1
22.9039307758 46.8169961659 0 0.064466998 1
23.4039407758 46.6674361659 0 0.0458640009 1
23.9039307758 46.5531381659 0 0.0665469989 1
24.4039407758 46.2786281659 0 0.16034301 1
25.4039407758 45.7821471659 0 -1 2
