jetset/test_data/SEDs_data/SED_MW_Mrk501_EBL_DEABS.ecsv
# %ECSV 0.9
# ---
# datatype:
# - {name: x, unit: Hz, datatype: float64}
# - {name: y, unit: erg/(cm2 s) , datatype: float64}
# - {name: dy, unit: erg/(cm2 s) ,datatype: float64}
# meta: !!omap
# - {z: 0.0336 }
# - {restframe: obs}
# - {data_scale: lin-lin}
# - {obj_name: 'Mrk-501-ebl-deabs'}
# schema: astropy-2.0
x y dy
2.299540e+09 3.689200e-14 2.668000e-15
2.639697e+09 4.124560e-14 9.712535e-26
4.799040e+09 7.036800e-14 4.800000e-16
4.805039e+09 5.435586e-14 5.435586e-15
4.805039e+09 3.239547e-14 3.239547e-15
4.843552e+09 7.174767e-14 7.333333e-26
4.999750e+09 8.000000e-14 3.344772e-15
7.698460e+09 1.155770e-13 6.160000e-16
7.999600e+09 1.129600e-13 1.672364e-15
8.267346e+09 9.244742e-14 9.244742e-15
8.267346e+09 5.488094e-14 5.488094e-15
8.331867e+09 1.135043e-13 1.006645e-25
8.388659e+09 1.154506e-13 2.447842e-15
8.399405e+09 1.086400e-13 1.181653e-14
1.044892e+10 1.348747e-13 1.333750e-25
1.109778e+10 1.497390e-13 7.770000e-16
1.399930e+10 1.625556e-13 2.338513e-15
1.456571e+10 1.728640e-13 1.763204e-25
1.492481e+10 1.737094e-13 3.488122e-16
1.499967e+10 1.300500e-13 1.305000e-14
1.499967e+10 7.725000e-14 7.800000e-15
1.536243e+10 1.441284e-13 1.441284e-14
1.536243e+10 9.659184e-14 9.659184e-15
2.219556e+10 2.470860e-13 2.886000e-15
2.224949e+10 2.787500e-13 8.920000e-15
2.301043e+10 2.286560e-13 5.464024e-25
2.379974e+10 1.878175e-13 1.878175e-14
2.379974e+10 1.304082e-13 1.304082e-14
3.198437e+10 2.718933e-13 2.023199e-25
3.699815e+10 3.756029e-13 7.156631e-15
4.298837e+10 3.427100e-13 6.300000e-25
4.299988e+10 5.031000e-13 7.635331e-14
4.320886e+10 2.657876e-13 2.657876e-14
4.320886e+10 1.846714e-13 1.846714e-14
4.321195e+10 1.745280e-13 1.728000e-14
4.321195e+10 1.127520e-13 1.123200e-14
4.321195e+10 1.274400e-13 1.296000e-14
2.249911e+11 1.083000e-12 4.940331e-14
1.404910e+14 6.349902e-11 5.460661e-13
1.404910e+14 7.391598e-11 4.453355e-13
1.419646e+14 6.582471e-11 8.531289e-13
1.843360e+14 1.055644e-10 1.261242e-12
1.843360e+14 1.102354e-10 1.831642e-12
2.410828e+14 1.156694e-10 7.576227e-13
2.410828e+14 1.013352e-10 8.462307e-13
2.410828e+14 1.018159e-10 8.376782e-13
3.738181e+14 1.066742e-10 3.174588e-13
3.813043e+14 8.984890e-11 9.287648e-14
4.339585e+14 7.465758e-11 1.117072e-13
4.339585e+14 6.363161e-11 1.491533e-13
4.591579e+14 9.275833e-11 3.099788e-13
4.713597e+14 7.392528e-11 2.948400e-13
4.713597e+14 7.319447e-11 5.244587e-14
5.203998e+14 5.703829e-11 1.927417e-13
5.462307e+14 6.292410e-11 6.339546e-14
5.681400e+14 5.468946e-11 4.908232e-13
6.280127e+14 6.606438e-11 3.422176e-13
6.644170e+14 4.126837e-11 2.491388e-13
6.858017e+14 4.726821e-11 5.175600e-13
6.858017e+14 4.487705e-11 5.727780e-14
7.098384e+14 4.178957e-11 3.851066e-13
9.007600e+14 2.509833e-11 2.454586e-13
1.203980e+15 2.674582e-11 1.108015e-13
1.386854e+15 2.938470e-11 8.615774e-14
1.634555e+15 2.932235e-11 9.746403e-14
8.826042e+16 4.510992e-11 2.862383e-13
1.185126e+17 4.920913e-11 2.705348e-13
1.591340e+17 5.436733e-11 2.822483e-13
2.136787e+17 5.481419e-11 2.478433e-13
2.869193e+17 5.367279e-11 2.350217e-13
6.455611e+17 4.967478e-11 3.870684e-13
7.985920e+17 5.086081e-11 4.736024e-13
8.586131e+17 4.860289e-11 4.211479e-13
8.987971e+17 4.786170e-11 4.519059e-13
9.990315e+17 4.604374e-11 4.612818e-13
1.099305e+18 4.598311e-11 4.916754e-13
1.141978e+18 4.274344e-11 4.737180e-13
1.199623e+18 4.455287e-11 5.295925e-13
1.299991e+18 4.287189e-11 5.755497e-13
1.400412e+18 4.303327e-11 6.241326e-13
1.500888e+18 4.304129e-11 6.630776e-13
1.518860e+18 3.751507e-11 6.376673e-13
1.601421e+18 4.177811e-11 6.982158e-13
1.702013e+18 4.013712e-11 7.428300e-13
1.802665e+18 3.844998e-11 8.020446e-13
1.903377e+18 3.850924e-11 8.686536e-13
2.004150e+18 3.899192e-11 9.268040e-13
2.020124e+18 4.111585e-11 1.430415e-12
2.104986e+18 3.765647e-11 9.839072e-13
2.205884e+18 3.752041e-11 1.058683e-12
2.306845e+18 3.572480e-11 1.146486e-12
2.504946e+18 3.582925e-11 7.963964e-13
2.809024e+18 3.677899e-11 1.067987e-12
3.208958e+18 3.525245e-11 1.252938e-12
3.618915e+18 3.685729e-11 7.364363e-12
3.718931e+18 3.597317e-11 2.067250e-12
4.103464e+18 3.639721e-11 7.481652e-12
4.465170e+18 3.219024e-11 2.974035e-12
4.811738e+18 3.181018e-11 5.682276e-12
6.001292e+18 3.345956e-11 5.524845e-12
9.146267e+18 1.614802e-11 4.191845e-12
2.413075e+19 9.213969e-12 6.144331e-12
3.830816e+22 9.242653e-12 3.614719e-12
9.622899e+22 1.246571e-11 1.778169e-12
2.418153e+23 1.409648e-11 1.788912e-12
6.073865e+23 1.591317e-11 2.472340e-12
1.525634e+24 1.780463e-11 3.954388e-12
3.832265e+24 2.232503e-11 6.647411e-12
#9.626236e+24 4.095750e-11 1.374195e-11
#2.417992e+25 6.670193e-11 2.958718e-11
#4.091076e+25 4.239150e-11 9.843604e-12
#6.073049e+25 2.757132e-11 2.999170e-12
#6.073707e+25 1.153195e-10 6.639780e-11
7.032855e+25 2.521366e-11 4.012037e-12
9.625890e+25 2.620326e-11 2.532414e-12
1.209000e+26 2.038883e-11 6.723370e-12
1.525641e+26 2.228090e-11 2.579472e-12
2.078361e+26 1.800374e-11 6.419976e-12
2.417922e+26 1.835862e-11 2.764158e-12
3.572855e+26 1.566353e-11 5.208654e-12
3.832253e+26 2.177940e-11 3.748383e-12
6.073794e+26 1.884817e-11 3.821992e-12
6.141985e+26 1.269783e-11 3.815834e-12
9.626250e+26 9.408627e-12 3.881649e-12
1.055851e+27 1.061459e-11 3.067395e-12
